"technicalDisciplines" "aptitude" "maths" "language" "generalKnowledge"
"1" 1 23 50 59 10
"2" 1 70 30 79 18
"3" 1 25 50 86 22
"4" 1 0 40 67 16
"5" 1 0 25 70 20
"6" 1 20 60 78 22
"7" 1 97 65 75 22
"8" 1 1 45 61 22
"9" 1 30 45 65 16
"10" 1 23 40 64 18
"11" 1 97 60 77 20
"12" 1 25 40 78 8
"13" 1 90 50 67 22
"14" 1 45 50 60 8
"15" 1 20 25 73 12
"16" 1 50 60 77 18
"17" 1 11 50 68 16
"18" 1 0 15 54 22
"19" 1 25 55 71 22
"20" 1 25 65 78 20
"21" 1 55 50 67 22
"22" 1 90 50 84 22
"23" 1 75 70 66 44
"24" 2 30 75 77 28
"25" 2 90 75 81 16
"26" 2 40 40 91 16
"27" 2 55 65 67 20
"28" 2 55 35 73 26
"29" 2 85 35 70 48
"30" 2 70 45 74 22
"31" 2 30 35 70 24
"32" 2 55 45 88 22
"33" 2 90 75 85 14
"34" 2 30 40 80 22
"35" 2 45 60 81 12
"36" 2 55 70 79 18
"37" 2 85 35 81 26
"38" 2 65 75 80 12
"39" 2 85 60 87 36
"40" 2 50 55 75 8
"41" 2 75 60 83 24
"42" 2 50 60 82 26
"43" 2 55 40 67 18
"44" 2 65 50 85 24
"45" 2 85 65 83 24
"46" 2 96 50 78 32
"47" 2 99 40 75 18
"48" 2 90 45 75 26
"49" 2 90 25 65 40
"50" 2 75 55 81 20
"51" 2 90 30 73 20
"52" 2 97 45 80 24
"53" 2 90 65 80 26
"54" 2 80 35 73 14
"55" 2 50 65 76 8
"56" 2 90 75 85 24
"57" 2 25 50 59 12
"58" 2 40 30 58 16
"59" 2 55 35 87 20
"60" 2 55 35 74 12
"61" 2 85 70 79 20
"62" 3 75 55 74 32
"63" 3 11 30 69 22
"64" 3 11 45 59 12
"65" 3 11 40 69 28
"66" 3 10 30 72 4
"67" 3 25 50 67 37
"68" 3 40 40 88 28
"69" 3 0 30 75 24
"70" 3 1 45 66 12
"71" 3 11 25 63 30
"72" 3 0 35 63 14
"73" 3 65 55 67 26
"74" 3 75 45 80 26
"75" 3 65 45 72 32
"76" 3 40 35 66 44
"77" 3 40 30 64 18
"78" 3 30 25 69 44
"79" 3 11 40 58 48
"80" 3 0 35 59 12
"81" 3 5 35 58 54
"82" 3 50 30 73 24
